1, 
1.01, 
1.01, 
1.01, 
1.05, 
1.03, 
1.07, 
1.13, 
1.15, 
1.28, 
1.36, 
1.33, 
1.48, 
1.58, 
1.64, 
1.59, 
2.04, 
1.98, 
2.06, 
2.18, 
2.4, 
2.53, 
2.68, 
2.73, 
3.17, 
2.84, 
3.18, 
3.31, 
3.66, 
4.31, 
4.22, 
5.02, 
5.21, 
5.81, 
5.64, 
5.26, 
5.72, 
7.22, 
6.34, 
7.07, 
8.75, 
8.35, 
9.51, 
9.83, 
10.25, 
9.8, 
10.94, 
12.54, 
11.83, 
12.69, 
14.13, 
15.6, 
16.23, 
14.92, 
17.31, 
18.17, 
17.95, 
22.7, 
21.94, 
25.39, 
24.14, 
24.08, 
29.05, 
27.47, 
29.77, 
32.62, 
30.65, 
32.42, 
36.51, 
36.2, 
40.5, 
38.85, 
44.05, 
48.86, 
42.81, 
45.25, 
47.58, 
52.58, 
53.52, 
56.5, 
57.34, 
57.33, 
62.1, 
62.47, 
66.41, 
69.68, 
70.56, 
73.37, 
77.65, 
81.06, 
78.34, 
84.76, 
82.93, 
84.52, 
90.51, 
87.36, 
88.9, 
89.7, 
93.8
