1, 
1, 
1, 
1.03, 
1.06, 
1.04, 
1.15, 
1.17, 
1.19, 
1.25, 
1.39, 
1.36, 
1.49, 
1.56, 
1.84, 
1.87, 
1.79, 
1.83, 
1.86, 
1.97, 
2.15, 
2.16, 
2.2, 
2.36, 
2.26, 
2.49, 
2.31, 
2.42, 
2.38, 
2.45, 
2.65, 
2.68, 
2.73, 
2.62, 
2.97, 
2.87, 
2.8, 
2.93, 
2.91, 
2.9, 
3.06, 
2.84, 
3, 
2.95, 
2.92, 
2.86, 
3.02, 
3.06, 
3.02, 
3.16, 
2.96, 
3.06, 
3.12, 
3.22, 
3.15, 
3.18, 
3.18, 
2.92, 
3.09, 
3.2, 
3.19, 
3.22, 
3.15, 
3.12, 
3.17, 
3.27, 
3.12, 
3.17, 
3.12, 
3.28, 
3.17, 
3.09, 
3.16, 
3.22, 
3.29, 
3.02, 
3.23, 
3.17, 
3.24, 
3.21, 
3.24, 
3.17, 
3.21, 
3.13, 
3.04, 
3.16, 
3.29, 
3.24, 
3.15, 
3.31, 
3.07, 
3.2, 
3.23, 
3.19, 
3.22, 
3.2, 
3.18, 
3.23, 
3.04
