1, 
1, 
1, 
1.02, 
1.04, 
1.04, 
1.09, 
1.14, 
1.09, 
1.2, 
1.27, 
1.26, 
1.32, 
1.44, 
1.55, 
1.67, 
1.62, 
1.56, 
1.64, 
1.69, 
1.77, 
1.83, 
1.81, 
1.84, 
1.88, 
1.99, 
1.87, 
1.94, 
1.97, 
2.03, 
1.99, 
2.05, 
2.13, 
2.08, 
2.2, 
2.18, 
2.15, 
2.24, 
2.16, 
2.21, 
2.16, 
2.16, 
2.19, 
2.14, 
2.19, 
2.12, 
2.21, 
2.25, 
2.25, 
2.25, 
2.31, 
2.28, 
2.35, 
2.3, 
2.28, 
2.38, 
2.18, 
2.16, 
2.25, 
2.31, 
2.37, 
2.32, 
2.27, 
2.33, 
2.33, 
2.47, 
2.31, 
2.3, 
2.28, 
2.24, 
2.23, 
2.33, 
2.29, 
2.3, 
2.27, 
2.16, 
2.34, 
2.34, 
2.36, 
2.28, 
2.33, 
2.26, 
2.35, 
2.35, 
2.29, 
2.26, 
2.3, 
2.28, 
2.34, 
2.37, 
2.33, 
2.24, 
2.36, 
2.41, 
2.43, 
2.29, 
2.38, 
2.3, 
2.39
