1, 
1, 
1.01, 
1.07, 
1.05, 
1.03, 
1.11, 
1.09, 
1.24, 
1.19, 
1.34, 
1.31, 
1.56, 
1.44, 
1.73, 
1.63, 
1.82, 
1.75, 
2.01, 
2.12, 
2.11, 
2.15, 
2.24, 
2.21, 
2.43, 
2.39, 
2.42, 
2.57, 
2.53, 
2.53, 
2.67, 
2.85, 
2.78, 
2.84, 
2.85, 
2.78, 
2.93, 
3.01, 
2.98, 
2.93, 
3.14, 
3.11, 
3.09, 
3.16, 
3.32, 
3.24, 
3.21, 
3.26, 
3.3, 
3.34, 
3.28, 
3.33, 
3.43, 
3.44, 
3.35, 
3.34, 
3.27, 
3.31, 
3.42, 
3.41, 
3.44, 
3.35, 
3.45, 
3.46, 
3.46, 
3.54, 
3.47, 
3.5, 
3.51, 
3.47, 
3.45, 
3.53, 
3.42, 
3.54, 
3.4, 
3.45, 
3.47, 
3.47, 
3.54, 
3.52, 
3.46, 
3.56, 
3.46, 
3.48, 
3.53, 
3.45, 
3.45, 
3.51, 
3.4, 
3.58, 
3.44, 
3.5, 
3.44, 
3.41, 
3.57, 
3.57, 
3.55, 
3.51, 
3.57
