1, 
1, 
1.01, 
1.07, 
1.06, 
1.04, 
1.12, 
1.1, 
1.26, 
1.2, 
1.36, 
1.37, 
1.64, 
1.55, 
1.79, 
1.72, 
1.96, 
1.87, 
2.15, 
2.35, 
2.27, 
2.28, 
2.49, 
2.43, 
2.81, 
2.71, 
2.87, 
2.92, 
2.94, 
2.94, 
3.12, 
3.42, 
3.26, 
3.39, 
3.3, 
3.31, 
3.57, 
3.67, 
3.57, 
3.51, 
3.96, 
3.85, 
3.84, 
3.94, 
4.02, 
4.04, 
3.96, 
4.11, 
4.09, 
4.24, 
4.13, 
4.32, 
4.18, 
4.22, 
4.28, 
4.27, 
4.05, 
4.21, 
4.25, 
4.32, 
4.21, 
4.16, 
4.44, 
4.31, 
4.38, 
4.43, 
4.44, 
4.51, 
4.42, 
4.51, 
4.5, 
4.38, 
4.46, 
4.57, 
4.34, 
4.37, 
4.56, 
4.57, 
4.5, 
4.61, 
4.5, 
4.47, 
4.49, 
4.62, 
4.55, 
4.55, 
4.41, 
4.5, 
4.49, 
4.52, 
4.45, 
4.57, 
4.43, 
4.46, 
4.63, 
4.62, 
4.64, 
4.45, 
4.58
