1, 
1, 
1.01, 
1.07, 
1.07, 
1.04, 
1.16, 
1.23, 
1.36, 
1.24, 
1.47, 
1.66, 
1.77, 
1.67, 
2.18, 
1.88, 
2.3, 
2.41, 
2.58, 
2.76, 
3.02, 
2.63, 
3.22, 
2.85, 
3.55, 
3.61, 
3.76, 
3.74, 
3.82, 
3.73, 
4.53, 
4.86, 
4.29, 
4.67, 
5.03, 
4.68, 
4.78, 
5.46, 
5.33, 
4.96, 
5.77, 
5.84, 
5.68, 
5.43, 
6.41, 
6.13, 
5.94, 
6.59, 
6.46, 
6.39, 
6.8, 
6.88, 
6.59, 
6.94, 
7, 
6.97, 
6.62, 
6.67, 
7.78, 
7.07, 
7.31, 
7.52, 
7.27, 
7.87, 
7.36, 
7.54, 
7.57, 
7.61, 
7.15, 
7.75, 
7.81, 
7.17, 
7.42, 
7.92, 
7.32, 
7.14, 
7.6, 
7.62, 
7.96, 
8.11, 
7.87, 
7.78, 
8.2, 
8.32, 
8.15, 
7.69, 
8.2, 
7.96, 
8.09, 
8.06, 
8.16, 
7.93, 
7.83, 
8.1, 
8.14, 
8.05, 
8.01, 
7.91, 
8.19
