1, 
1, 
1.01, 
1, 
1.04, 
1.03, 
1.07, 
1.12, 
1.19, 
1.23, 
1.35, 
1.33, 
1.51, 
1.45, 
1.77, 
1.67, 
1.75, 
1.93, 
2.18, 
2.24, 
2.13, 
2.4, 
2.6, 
2.54, 
2.68, 
2.97, 
3.12, 
2.81, 
3.13, 
3.26, 
3.63, 
3.22, 
3.8, 
3.64, 
3.74, 
3.83, 
4.1, 
4.03, 
4.15, 
4.39, 
4.53, 
4.26, 
4.29, 
4.56, 
4.48, 
4.59, 
4.7, 
4.78, 
4.71, 
4.69, 
5, 
4.93, 
5.05, 
4.96, 
5.1, 
5.09, 
5.15, 
5.3, 
5.21, 
5.14, 
5.41, 
5.2, 
5.3, 
5.21, 
5.43, 
5.29, 
5.27, 
5.27, 
5.32, 
5.23, 
5.42, 
5.45, 
5.38, 
5.43, 
5.43, 
5.38, 
5.6, 
5.51, 
5.45, 
5.46, 
5.59, 
5.41, 
5.48, 
5.56, 
5.48, 
5.52, 
5.48, 
5.45, 
5.6, 
5.5, 
5.55, 
5.42, 
5.48, 
5.54, 
5.62, 
5.56, 
5.58, 
5.49, 
5.5
