1, 
1, 
1.01, 
1, 
1.04, 
1.03, 
1.07, 
1.12, 
1.19, 
1.24, 
1.36, 
1.33, 
1.55, 
1.49, 
1.83, 
1.71, 
1.84, 
1.99, 
2.27, 
2.3, 
2.21, 
2.49, 
2.65, 
2.7, 
2.85, 
3.14, 
3.52, 
3.02, 
3.39, 
3.53, 
4, 
3.4, 
4.19, 
3.99, 
4.13, 
4.28, 
4.62, 
4.59, 
4.6, 
4.97, 
5.18, 
4.87, 
5.03, 
5.38, 
5.25, 
5.44, 
5.58, 
5.7, 
5.57, 
5.55, 
5.8, 
5.79, 
5.83, 
5.81, 
6.18, 
6.04, 
6.27, 
6.41, 
6.03, 
6.26, 
6.54, 
6.4, 
6.69, 
6.45, 
6.63, 
6.38, 
6.57, 
6.58, 
6.55, 
6.61, 
6.79, 
6.76, 
6.66, 
6.59, 
6.78, 
6.65, 
6.68, 
6.82, 
6.83, 
6.84, 
6.8, 
6.8, 
6.82, 
6.78, 
6.93, 
6.95, 
6.87, 
6.99, 
6.95, 
6.96, 
6.8, 
6.86, 
7.09, 
6.96, 
6.97, 
6.92, 
7.01, 
6.93, 
6.89
