1, 
1, 
1.01, 
1, 
1.04, 
1.03, 
1.07, 
1.12, 
1.19, 
1.25, 
1.38, 
1.33, 
1.58, 
1.53, 
1.89, 
1.78, 
1.92, 
2.05, 
2.36, 
2.45, 
2.31, 
2.63, 
2.86, 
2.76, 
2.97, 
3.52, 
3.88, 
3.3, 
3.73, 
3.74, 
4.33, 
4.04, 
4.72, 
4.49, 
4.45, 
5.09, 
5.41, 
5.29, 
5.48, 
6.02, 
6.17, 
6.04, 
5.89, 
6.57, 
6.46, 
6.58, 
7.11, 
6.98, 
7.06, 
7, 
7.42, 
7.45, 
7.57, 
7.75, 
7.98, 
7.99, 
8.35, 
8.57, 
8.28, 
8.2, 
8.76, 
8.53, 
9.33, 
8.91, 
8.8, 
8.57, 
8.98, 
9.3, 
8.89, 
9.17, 
9.46, 
9.3, 
9.07, 
9.3, 
9.3, 
9.72, 
9.56, 
9.86, 
9.83, 
9.79, 
9.91, 
9.71, 
9.88, 
9.83, 
10.04, 
9.81, 
9.74, 
10, 
9.9, 
9.81, 
10.02, 
9.92, 
10.07, 
10.31, 
10.27, 
9.97, 
10.28, 
10.5, 
10.05
