1, 
1, 
1.02, 
1, 
1.03, 
1.03, 
1.08, 
1.14, 
1.22, 
1.25, 
1.33, 
1.43, 
1.57, 
1.55, 
1.69, 
1.76, 
2.01, 
2.13, 
2.06, 
2.11, 
2.43, 
2.45, 
2.56, 
2.89, 
2.97, 
3.27, 
3.06, 
3.3, 
3.61, 
3.85, 
4.23, 
4.15, 
4.45, 
4.79, 
4.89, 
5.23, 
5.16, 
5.35, 
5.9, 
5.84, 
6.28, 
6.01, 
6.74, 
6.83, 
6.89, 
7.14, 
7.64, 
7.54, 
7.6, 
7.62, 
7.92, 
8.36, 
8.38, 
8.77, 
8.62, 
8.9, 
8.85, 
9.22, 
9.32, 
9.36, 
9.39, 
9.9, 
9.64, 
9.68, 
9.88, 
9.99, 
10.24, 
10.38, 
10.16, 
10.35, 
10.53, 
10.42, 
10.54, 
10.37, 
10.57, 
10.83, 
10.79, 
10.78, 
10.66, 
10.98, 
10.91, 
10.92, 
10.88, 
11, 
11.01, 
10.85, 
11.02, 
10.94, 
11.16, 
11.17, 
11.36, 
11.1, 
10.93, 
11.16, 
11.24, 
11.16, 
11.19, 
11.23, 
11.25
