1, 
1, 
1.02, 
1, 
1.03, 
1.03, 
1.08, 
1.14, 
1.24, 
1.25, 
1.34, 
1.44, 
1.57, 
1.53, 
1.71, 
1.81, 
2.1, 
2.2, 
2.09, 
2.22, 
2.56, 
2.45, 
2.64, 
3.22, 
3.02, 
3.47, 
3.28, 
3.58, 
3.67, 
4.15, 
4.79, 
4.62, 
4.8, 
5.48, 
5.58, 
6.38, 
6.35, 
6.76, 
7.09, 
7.61, 
8.22, 
7.53, 
8.64, 
9.26, 
8.93, 
10.05, 
10.96, 
10.83, 
10.56, 
11.09, 
11.49, 
12.57, 
12.53, 
13.66, 
12.93, 
13.7, 
13.92, 
15.16, 
15.24, 
15.58, 
15.9, 
17.71, 
16.4, 
17.17, 
17.88, 
18.35, 
18.78, 
19.66, 
19.61, 
20.69, 
20.27, 
20.16, 
19.94, 
20.44, 
20.84, 
21.69, 
22, 
22.48, 
21.68, 
22.35, 
23.14, 
23.26, 
22.76, 
24.6, 
24.73, 
23.55, 
24.65, 
23.3, 
23.91, 
25.34, 
25.13, 
24.82, 
24.47, 
25.85, 
26.21, 
25.62, 
25.78, 
26.13, 
27.2
