1, 
1, 
1.02, 
1, 
1.03, 
1.03, 
1.08, 
1.14, 
1.23, 
1.25, 
1.34, 
1.43, 
1.59, 
1.54, 
1.67, 
1.78, 
2.09, 
2.16, 
2.05, 
2.18, 
2.49, 
2.48, 
2.57, 
3.04, 
2.98, 
3.3, 
3.1, 
3.4, 
3.69, 
3.96, 
4.42, 
4.23, 
4.6, 
4.98, 
5.25, 
5.48, 
5.41, 
5.64, 
6.38, 
6.21, 
6.91, 
6.42, 
7.37, 
7.5, 
7.6, 
7.87, 
8.65, 
8.48, 
8.7, 
8.61, 
9.2, 
9.66, 
9.82, 
10.26, 
10.05, 
10.46, 
10.27, 
11.1, 
11.3, 
11.46, 
11.46, 
12.23, 
11.75, 
11.82, 
12.13, 
12.59, 
12.83, 
12.97, 
13.01, 
13.09, 
13.21, 
13.11, 
13.18, 
13.34, 
13.42, 
14.01, 
14.01, 
13.94, 
13.74, 
14.02, 
14.14, 
14.13, 
14.44, 
14.53, 
14.34, 
14.12, 
14.7, 
14.54, 
14.77, 
14.66, 
15.07, 
14.91, 
14.65, 
14.95, 
14.64, 
14.93, 
14.95, 
14.93, 
14.98
