1, 
1, 
1.01, 
1, 
1.02, 
1.03, 
1.11, 
1.16, 
1.23, 
1.25, 
1.43, 
1.35, 
1.53, 
1.51, 
1.75, 
1.82, 
1.97, 
1.95, 
2.23, 
2.34, 
2.73, 
2.41, 
2.74, 
2.71, 
3.3, 
3.29, 
3.41, 
3.85, 
3.77, 
4.08, 
4.57, 
4.48, 
5.07, 
5.16, 
5.15, 
5.74, 
6.68, 
6.46, 
7.14, 
7.34, 
8.75, 
7.86, 
8.81, 
7.79, 
9.23, 
9.58, 
10.3, 
10.58, 
11.23, 
12.04, 
13.08, 
11.63, 
12.97, 
14.17, 
14.22, 
13.6, 
16.41, 
15.24, 
17.41, 
16.41, 
16.81, 
19.26, 
19.72, 
19.8, 
19.69, 
20.69, 
21.7, 
21.77, 
22.09, 
23.94, 
24.27, 
23.96, 
24.72, 
24.91, 
26.81, 
24.92, 
26.82, 
26.42, 
26.76, 
27.89, 
27.33, 
29.07, 
29.56, 
30.64, 
29.54, 
30.35, 
30.14, 
31.39, 
30.75, 
31.52, 
31.98, 
32.46, 
32.6, 
32.57, 
32.83, 
32.96, 
32.95, 
33.19, 
33.9
