1, 
1, 
1.01, 
1, 
1.02, 
1.03, 
1.1, 
1.15, 
1.23, 
1.25, 
1.43, 
1.35, 
1.55, 
1.49, 
1.7, 
1.82, 
1.92, 
1.95, 
2.2, 
2.3, 
2.76, 
2.39, 
2.7, 
2.7, 
3.3, 
3.23, 
3.34, 
3.8, 
3.67, 
3.98, 
4.46, 
4.36, 
4.87, 
5.19, 
4.99, 
5.55, 
6.38, 
6.28, 
6.63, 
7.11, 
8.21, 
7.65, 
8.49, 
7.47, 
8.78, 
8.9, 
9.59, 
9.72, 
10.45, 
10.97, 
11.87, 
10.82, 
11.58, 
12.64, 
12.61, 
12.36, 
14.18, 
13.67, 
14.94, 
14.07, 
14.59, 
16.39, 
16.33, 
16.51, 
16.34, 
17.23, 
17.52, 
17.78, 
17.96, 
19.14, 
19.36, 
19.22, 
19.45, 
19.78, 
20.8, 
19.8, 
20.51, 
20.52, 
20.61, 
21.47, 
20.73, 
21.5, 
22.09, 
22.52, 
22.14, 
22.23, 
22.2, 
22.81, 
22.43, 
22.97, 
23.16, 
23.57, 
22.96, 
23.57, 
23.38, 
23.93, 
23.53, 
23.61, 
23.7
