1, 
1.01, 
1.03, 
1.01, 
1.02, 
1.01, 
1.07, 
1.14, 
1.21, 
1.26, 
1.32, 
1.37, 
1.41, 
1.63, 
1.7, 
1.64, 
1.78, 
1.95, 
1.92, 
2.24, 
2.4, 
2.59, 
2.64, 
3.11, 
3.11, 
3.27, 
3.45, 
3.4, 
4.06, 
3.95, 
4.06, 
4.01, 
5.12, 
5.35, 
5.7, 
6.07, 
5.92, 
6.42, 
6.77, 
7.38, 
7.57, 
8.43, 
8.47, 
8.53, 
8.32, 
10.61, 
11.1, 
11.47, 
11.28, 
12.69, 
13.01, 
12.72, 
14.16, 
15.92, 
16.13, 
16.31, 
17.09, 
17.25, 
19.58, 
20.19, 
21.04, 
21.36, 
21.49, 
22.98, 
23.46, 
22.99, 
27.4, 
26.17, 
26.21, 
29, 
28.08, 
30.23, 
31.52, 
30.84, 
33.58, 
33.71, 
33.18, 
36.36, 
35.2, 
36.8, 
37.69, 
38.89, 
38.92, 
40.7, 
40.41, 
42.53, 
42.51, 
42.23, 
43.65, 
44.79, 
45.56, 
46.45, 
47.58, 
48.87, 
47.08, 
48.8, 
48.83, 
48.86, 
48.98
